service_id,date,exception_type
1,20171230,2
1,20171231,2
1,20180101,2
1,20180102,2
1,20180103,2
2,20170429,2
2,20170503,2
2,20170504,2
2,20170505,2
2,20170717,2
2,20170811,2
2,20170918,2
2,20170923,2
2,20171009,2
2,20171103,2
2,20171123,2
2,20171223,2
2,20171230,2
2,20171231,2
2,20180101,2
2,20180102,2
2,20180103,2
2,20180108,2
2,20180212,2
2,20180321,2
3,20170411,2
3,20170413,2
3,20170414,2
3,20170418,2
3,20170420,2
3,20170421,2
3,20170425,2
3,20170427,2
3,20170428,2
3,20170429,2
3,20170502,2
3,20170503,2
3,20170504,2
3,20170505,2
3,20170509,2
3,20170511,2
3,20170512,2
3,20170516,2
3,20170518,2
3,20170519,2
3,20170523,2
3,20170525,2
3,20170526,2
3,20170530,2
3,20170601,2
3,20170602,2
3,20170606,2
3,20170608,2
3,20170609,2
3,20170613,2
3,20170615,2
3,20170616,2
3,20170620,2
3,20170622,2
3,20170623,2
3,20170627,2
3,20170629,2
3,20170630,2
3,20170704,2
3,20170706,2
3,20170707,2
3,20170711,2
3,20170713,2
3,20170714,2
3,20170717,2
3,20170718,2
3,20170720,2
3,20170721,2
3,20170725,2
3,20170727,2
3,20170728,2
3,20170801,2
3,20170803,2
3,20170804,2
3,20170811,2
3,20170905,2
3,20170907,2
3,20170908,2
3,20170912,2
3,20170914,2
3,20170915,2
3,20170918,2
3,20170919,2
3,20170921,2
3,20170922,2
3,20170923,2
3,20170926,2
3,20170928,2
3,20170929,2
3,20171003,2
3,20171005,2
3,20171006,2
3,20171009,2
3,20171010,2
3,20171012,2
3,20171013,2
3,20171017,2
3,20171019,2
3,20171020,2
3,20171024,2
3,20171026,2
3,20171027,2
3,20171031,2
3,20171103,2
3,20171121,2
3,20171123,2
3,20171223,2
3,20171230,2
3,20171231,2
3,20180101,2
3,20180102,2
3,20180103,2
3,20180108,2
3,20180212,2
3,20180321,2
4,20170411,1
4,20170413,1
4,20170414,1
4,20170418,1
4,20170420,1
4,20170421,1
4,20170425,1
4,20170427,1
4,20170428,1
4,20170429,2
4,20170502,1
4,20170503,2
4,20170504,1
4,20170505,1
4,20170509,1
4,20170511,1
4,20170512,1
4,20170516,1
4,20170518,1
4,20170519,1
4,20170523,1
4,20170525,1
4,20170526,1
4,20170530,1
4,20170601,1
4,20170602,1
4,20170606,1
4,20170608,1
4,20170609,1
4,20170613,1
4,20170615,1
4,20170616,1
4,20170620,1
4,20170622,1
4,20170623,1
4,20170627,1
4,20170629,1
4,20170630,1
4,20170704,1
4,20170706,1
4,20170707,1
4,20170711,1
4,20170713,1
4,20170714,1
4,20170717,2
4,20170718,1
4,20170720,1
4,20170721,1
4,20170725,1
4,20170727,1
4,20170728,1
4,20170801,1
4,20170803,1
4,20170804,1
4,20170811,2
4,20170905,1
4,20170907,1
4,20170908,1
4,20170912,1
4,20170914,1
4,20170915,1
4,20170918,2
4,20170919,1
4,20170921,1
4,20170922,1
4,20170923,2
4,20170926,1
4,20170928,1
4,20170929,1
4,20171003,1
4,20171005,1
4,20171006,1
4,20171009,2
4,20171010,1
4,20171012,1
4,20171013,1
4,20171017,1
4,20171019,1
4,20171020,1
4,20171024,1
4,20171026,1
4,20171027,1
4,20171031,1
4,20171103,2
4,20171121,1
4,20171123,2
4,20171223,2
4,20171230,2
4,20171231,2
4,20180101,2
4,20180102,2
4,20180103,2
4,20180108,2
4,20180212,2
4,20180321,2
5,20170411,2
5,20170413,2
5,20170414,2
5,20170418,2
5,20170420,2
5,20170421,2
5,20170425,2
5,20170427,2
5,20170428,2
5,20170502,2
5,20170504,2
5,20170505,2
5,20170509,2
5,20170511,2
5,20170512,2
5,20170516,2
5,20170518,2
5,20170519,2
5,20170523,2
5,20170525,2
5,20170526,2
5,20170530,2
5,20170601,2
5,20170602,2
5,20170606,2
5,20170608,2
5,20170609,2
5,20170613,2
5,20170615,2
5,20170616,2
5,20170620,2
5,20170622,2
5,20170623,2
5,20170627,2
5,20170629,2
5,20170630,2
5,20170704,2
5,20170706,2
5,20170707,2
5,20170711,2
5,20170713,2
5,20170714,2
5,20170718,2
5,20170720,2
5,20170721,2
5,20170725,2
5,20170727,2
5,20170728,2
5,20170801,2
5,20170803,2
5,20170804,2
5,20170905,2
5,20170907,2
5,20170908,2
5,20170912,2
5,20170914,2
5,20170915,2
5,20170919,2
5,20170921,2
5,20170922,2
5,20170926,2
5,20170928,2
5,20170929,2
5,20171003,2
5,20171005,2
5,20171006,2
5,20171010,2
5,20171012,2
5,20171013,2
5,20171017,2
5,20171019,2
5,20171020,2
5,20171024,2
5,20171026,2
5,20171027,2
5,20171031,2
5,20171121,2
5,20171230,2
5,20171231,2
5,20180101,2
5,20180102,2
5,20180103,2
6,20170411,1
6,20170413,1
6,20170414,1
6,20170418,1
6,20170420,1
6,20170421,1
6,20170425,1
6,20170427,1
6,20170428,1
6,20170502,1
6,20170504,1
6,20170505,1
6,20170509,1
6,20170511,1
6,20170512,1
6,20170516,1
6,20170518,1
6,20170519,1
6,20170523,1
6,20170525,1
6,20170526,1
6,20170530,1
6,20170601,1
6,20170602,1
6,20170606,1
6,20170608,1
6,20170609,1
6,20170613,1
6,20170615,1
6,20170616,1
6,20170620,1
6,20170622,1
6,20170623,1
6,20170627,1
6,20170629,1
6,20170630,1
6,20170704,1
6,20170706,1
6,20170707,1
6,20170711,1
6,20170713,1
6,20170714,1
6,20170718,1
6,20170720,1
6,20170721,1
6,20170725,1
6,20170727,1
6,20170728,1
6,20170801,1
6,20170803,1
6,20170804,1
6,20170905,1
6,20170907,1
6,20170908,1
6,20170912,1
6,20170914,1
6,20170915,1
6,20170919,1
6,20170921,1
6,20170922,1
6,20170926,1
6,20170928,1
6,20170929,1
6,20171003,1
6,20171005,1
6,20171006,1
6,20171010,1
6,20171012,1
6,20171013,1
6,20171017,1
6,20171019,1
6,20171020,1
6,20171024,1
6,20171026,1
6,20171027,1
6,20171031,1
6,20171121,1
6,20171230,2
6,20171231,2
6,20180101,2
6,20180102,2
6,20180103,2
7,20170403,2
7,20170404,2
7,20170405,2
7,20170406,2
7,20170429,2
7,20170503,2
7,20170504,2
7,20170505,2
7,20170717,2
7,20170721,2
7,20170724,2
7,20170725,2
7,20170726,2
7,20170727,2
7,20170728,2
7,20170731,2
7,20170801,2
7,20170802,2
7,20170803,2
7,20170804,2
7,20170807,2
7,20170808,2
7,20170809,2
7,20170810,2
7,20170811,2
7,20170814,2
7,20170815,2
7,20170816,2
7,20170817,2
7,20170818,2
7,20170821,2
7,20170822,2
7,20170823,2
7,20170824,2
7,20170825,2
7,20170828,2
7,20170829,2
7,20170830,2
7,20170831,2
7,20170918,2
7,20170923,2
7,20171009,2
7,20171103,2
7,20171123,2
7,20171223,2
7,20171225,2
7,20171226,2
7,20171227,2
7,20171228,2
7,20171229,2
7,20180101,2
7,20180102,2
7,20180103,2
7,20180104,2
7,20180105,2
7,20180108,2
7,20180212,2
7,20180321,2
7,20180326,2
7,20180327,2
7,20180328,2
7,20180329,2
7,20180330,2
8,20170729,1
8,20170811,2
8,20170820,1