shape_id,shape_pt_lat,shape_pt_lon,shape_pt_sequence
I5上,34.494074,133.953654,1
I5上,34.493603,133.949343,2
I5上,34.493424,133.94466,3
I5上,34.492225,133.940847,4
I5上,34.489458,133.939476,5
I5上,34.485726,133.932099,6
I5上,34.483373,133.931656,7
I5上,34.481637,133.929888,8
I5上,34.47833,133.931182,9
I5上,34.475614,133.932488,10
I5上,34.471773,133.933221,11
I5上,34.470901,133.926512,12
I5上,34.468948,133.922162,13
I5上,34.466287,133.921334,14
I5上,34.461648,133.922091,15
I5上,34.458272,133.922526,16
I5上,34.456182,133.917329,17
I5上,34.457376,133.911983,18
I5上,34.457796,133.910269,19
I5上,34.457153,133.906466,20
I5上,34.456538,133.903018,21
I5上,34.457181,133.898591,22
I5上,34.456949,133.88002,23
I5上,34.460432,133.87616,24
I5上,34.466082,133.869314,25
I5上,34.467595,133.867215,26
I5上,34.468407,133.865528,27
I5上,34.469489,133.86327,28
I5上,34.469756,133.85996,29
I5上,34.469824,133.857138,30
I5上,34.470547,133.850263,31
I5上,34.471334,133.847106,32
I5上,34.474827,133.844631,33
I5上,34.47545,133.841917,34
I5上,34.476501,133.837322,35
I5上,34.477078,133.83307,36
I5上,34.476934,133.830941,37
I5上,34.476416,133.828455,38
I5上,34.475026,133.825873,39
I5上,34.474246,133.82389,40
I5上,34.472321,133.820966,41
I5上,34.469829,133.8178,42
I5上,34.469598,133.813683,43
I5上,34.470273,133.808915,44
I5上,34.469804,133.804952,45
I5上,34.46754,133.802699,46
I5上,34.465894,133.804201,47
I5上,34.462879,133.807012,48
I5下,34.462879,133.807012,1
I5下,34.46608,133.803681,2
I5下,34.46754,133.802699,3
I5下,34.469707,133.805027,4
I5下,34.470291,133.80907,5
I5下,34.469687,133.813618,6
I5下,34.469954,133.818064,7
I5下,34.472316,133.82089,8
I5下,34.474232,133.823733,9
I5下,34.474838,133.825508,10
I5下,34.47643,133.828342,11
I5下,34.477034,133.831833,12
I5下,34.477113,133.832851,13
I5下,34.476428,133.8378,14
I5下,34.475439,133.842129,15
I5下,34.474797,133.844855,16
I5下,34.471534,133.847061,17
I5下,34.470228,133.85125,18
I5下,34.469896,133.857749,19
I5下,34.469839,133.859049,20
I5下,34.469686,133.862729,21
I5下,34.468241,133.865846,22
I5下,34.467587,133.867315,23
I5下,34.466018,133.869481,24
I5下,34.460562,133.876126,25
I5下,34.457185,133.879866,26
I5下,34.457241,133.899149,27
I5下,34.4566,133.903017,28
I5下,34.457316,133.907206,29
I5下,34.457838,133.910201,30
I5下,34.457066,133.912959,31
I5下,34.456221,133.916826,32
I5下,34.458068,133.92226,33
I5下,34.461024,133.922354,34
I5下,34.465825,133.921285,35
I5下,34.469322,133.922213,36
I5下,34.470971,133.926027,37
I5下,34.471805,133.933021,38
I5下,34.475442,133.932491,39
I5下,34.477583,133.931701,40
I5下,34.481619,133.929801,41
I5下,34.4832,133.931594,42
I5下,34.485624,133.931882,43
I5下,34.489158,133.939368,44
I5下,34.492177,133.940678,45
I5下,34.493601,133.945615,46
I5下,34.493749,133.94944,47
I5下,34.494074,133.953654,48
C01下,34.601118,133.766208,1
C01下,34.603188,133.769788,2
C01下,34.60368,133.772696,3
C01下,34.600953,133.773184,4
C01下,34.601037,133.774611,5
C01下,34.600575,133.777315,6
C01下,34.59903,133.777543,7
C01下,34.596915,133.777792,8
C01下,34.594643,133.775759,9
C01下,34.593356,133.771781,10
C01下,34.590101,133.772664,11
C01下,34.586641,133.776421,12
C01下,34.584238,133.779633,13
C01下,34.582432,133.782126,14
C01下,34.579771,133.78453,15
C01下,34.576359,133.786179,16
C01下,34.576963,133.791518,17
C01下,34.572998,133.795843,18
C01下,34.571503,133.798198,19
C01下,34.569367,133.80113,20
C01下,34.568351,133.802455,21
C01下,34.564877,133.805482,22
C01下,34.562408,133.807586,23
C01下,34.560209,133.809978,24
C01下,34.559543,133.811635,25
C01下,34.559255,133.812816,26
C01下,34.555128,133.816038,27
C01下,34.551957,133.816385,28
C01下,34.547242,133.815277,29
C01下,34.542506,133.815751,30
C01下,34.538151,133.812371,31
C01下,34.532815,133.808778,32
C01下,34.528285,133.804697,33
C01下,34.523105,133.805537,34
C01下,34.517322,133.806467,35
C01下,34.512712,133.807353,36
C01下,34.510236,133.807782,37
C01下,34.506432,133.808136,38
C01下,34.501682,133.806298,39
C01下,34.496408,133.803528,40
C01下,34.493661,133.802138,41
C01下,34.491476,133.801043,42
C01下,34.487943,133.799346,43
C01下,34.481216,133.799286,44
C01下,34.477332,133.800705,45
C01下,34.474996,133.802189,46
C01下,34.469804,133.804952,47
C01下,34.46754,133.802699,48
C01下,34.465894,133.804201,49
C01下,34.462833,133.807232,50
C01上,34.462833,133.807232,1
C01上,34.46608,133.803681,2
C01上,34.46754,133.802699,3
C01上,34.469707,133.805027,4
C01上,34.475509,133.801739,5
C01上,34.478595,133.800182,6
C01上,34.481625,133.799138,7
C01上,34.488131,133.799329,8
C01上,34.49185,133.801163,9
C01上,34.493514,133.802004,10
C01上,34.497093,133.80385,11
C01上,34.50185,133.80614,12
C01上,34.506578,133.807873,13
C01上,34.508872,133.807599,14
C01上,34.512338,133.807286,15
C01上,34.517664,133.806143,16
C01上,34.523706,133.805167,17
C01上,34.528245,133.804603,18
C01上,34.53287,133.808699,19
C01上,34.538308,133.812285,20
C01上,34.542914,133.815629,21
C01上,34.547255,133.815233,22
C01上,34.551968,133.816347,23
C01上,34.555325,133.815999,24
C01上,34.559141,133.813232,25
C01上,34.559506,133.811595,26
C01上,34.560209,133.809978,27
C01上,34.561565,133.80809,28
C01上,34.564919,133.805319,29
C01上,34.568417,133.80227,30
C01上,34.569859,133.800266,31
C01上,34.571302,133.798265,32
C01上,34.572876,133.795942,33
C01上,34.577228,133.791285,34
C01上,34.576792,133.78575,35
C01上,34.57978,133.784256,36
C01上,34.58264,133.781678,37
C01上,34.584137,133.779653,38
C01上,34.586251,133.776859,39
C01上,34.590055,133.772599,40
C01上,34.593363,133.771666,41
C01上,34.595149,133.777033,42
C01上,34.597572,133.777716,43
C01上,34.5992,133.777437,44
C01上,34.600644,133.777222,45
C01上,34.60098,133.775222,46
C01上,34.600905,133.77328,47
C01上,34.604015,133.772607,48
C01上,34.603508,133.770456,49
C01上,34.601118,133.766208,50
A02下,34.661688,133.928218,1
A02下,34.663155,133.926067,2
A02下,34.665145,133.918426,3
A02下,34.661379,133.919252,4
A02下,34.657627,133.919457,5
A02下,34.655228,133.918852,6
A02下,34.653485,133.917734,7
A02下,34.651117,133.914955,8
A02下,34.649996,133.913514,9
A02下,34.647242,133.911395,10
A02下,34.645587,133.908348,11
A02下,34.644025,133.9048,12
A02下,34.642412,133.904846,13
A02下,34.638442,133.904349,14
A02下,34.636176,133.901925,15
A02下,34.633631,133.899067,16
A02下,34.63149,133.896608,17
A02下,34.630281,133.895235,18
A02下,34.6273,133.891624,19
A02下,34.625677,133.886059,20
A02下,34.623492,133.881964,21
A02下,34.621998,133.879287,22
A02下,34.619051,133.872659,23
A02下,34.617938,133.869274,24
A02下,34.616777,133.865768,25
A02下,34.6151,133.861353,26
A02下,34.610665,133.858548,27
A02下,34.608473,133.857401,28
A02下,34.603905,133.854973,29
A02下,34.600568,133.853247,30
A02下,34.595319,133.851376,31
A02下,34.591796,133.851201,32
A02下,34.588579,133.851044,33
A02下,34.58552,133.850823,34
A02下,34.582252,133.850603,35
A02下,34.579199,133.850437,36
A02下,34.577192,133.850225,37
A02下,34.573607,133.847878,38
A02下,34.569062,133.844909,39
A02下,34.566037,133.842984,40
A02下,34.561579,133.840089,41
A02下,34.558566,133.838032,42
A02下,34.556202,133.835704,43
A02下,34.553985,133.832925,44
A02下,34.550424,133.827574,45
A02下,34.548714,133.824661,46
A02下,34.546739,133.820981,47
A02下,34.541708,133.816119,48
A02下,34.538151,133.812371,49
A02下,34.532815,133.808778,50
A02下,34.528285,133.804697,51
A02下,34.523105,133.805537,52
A02下,34.517322,133.806467,53
A02下,34.512712,133.807353,54
A02下,34.510236,133.807782,55
A02下,34.506432,133.808136,56
A02下,34.501682,133.806298,57
A02下,34.500065,133.809644,58
A02下,34.501976,133.807134,59
A02下,34.496947,133.811706,60
A02下,34.494995,133.812543,61
A02下,34.491078,133.815182,62
A02下,34.486528,133.817915,63
A02下,34.483746,133.81935,64
A02下,34.480654,133.821786,65
A02下,34.478079,133.823998,66
A02下,34.476374,133.825766,67
A02下,34.474332,133.827056,68
A02下,34.472857,133.824881,69
A02下,34.471696,133.82316,70
A02下,34.470094,133.820737,71
A02下,34.46851,133.816732,72
A02下,34.467146,133.812792,73
A02下,34.46625,133.810241,74
A02下,34.467996,133.807648,75
A02下,34.469804,133.804952,76
A02下,34.46754,133.802699,77
A02下,34.465894,133.804201,78
A02下,34.462879,133.807012,79
A02上,34.462879,133.807012,1
A02上,34.46608,133.803681,2
A02上,34.46754,133.802699,3
A02上,34.469707,133.805027,4
A02上,34.467996,133.807648,5
A02上,34.466498,133.810252,6
A02上,34.467146,133.812792,7
A02上,34.468769,133.81711,8
A02上,34.470018,133.820442,9
A02上,34.472147,133.823655,10
A02上,34.472758,133.824568,11
A02上,34.474147,133.826592,12
A02上,34.47646,133.825614,13
A02上,34.478136,133.823892,14
A02上,34.480706,133.821672,15
A02上,34.483214,133.819675,16
A02上,34.487265,133.817577,17
A02上,34.490758,133.815295,18
A02上,34.493921,133.813004,19
A02上,34.497423,133.81147,20
A02上,34.499107,133.810381,21
A02上,34.50074,133.808982,22
A02上,34.501964,133.807058,23
A02上,34.506578,133.807873,24
A02上,34.508872,133.807599,25
A02上,34.512338,133.807286,26
A02上,34.517664,133.806143,27
A02上,34.523706,133.805167,28
A02上,34.528245,133.804603,29
A02上,34.53287,133.808699,30
A02上,34.538308,133.812285,31
A02上,34.542343,133.816468,32
A02上,34.547437,133.822011,33
A02上,34.548988,133.824862,34
A02上,34.55096,133.828204,35
A02上,34.55423,133.833456,36
A02上,34.556368,133.835749,37
A02上,34.559076,133.838394,38
A02上,34.561433,133.839917,39
A02上,34.566267,133.843073,40
A02上,34.569186,133.844946,41
A02上,34.573912,133.848042,42
A02上,34.577702,133.850296,43
A02上,34.579082,133.850373,44
A02上,34.582313,133.850572,45
A02上,34.585522,133.850783,46
A02上,34.588758,133.850977,47
A02上,34.592219,133.851153,48
A02上,34.595993,133.851352,49
A02上,34.600291,133.853012,50
A02上,34.603936,133.854931,51
A02上,34.608969,133.857539,52
A02上,34.61234,133.859331,53
A02上,34.615011,133.861013,54
A02上,34.61665,133.865113,55
A02上,34.617972,133.86918,56
A02上,34.6193,133.873233,57
A02上,34.621892,133.878962,58
A02上,34.623889,133.882564,59
A02上,34.625759,133.886132,60
A02上,34.62717,133.891365,61
A02上,34.630528,133.895171,62
A02上,34.631848,133.896646,63
A02上,34.633045,133.898046,64
A02上,34.636297,133.90167,65
A02上,34.638588,133.904269,66
A02上,34.643274,133.904721,67
A02上,34.644564,133.904725,68
A02上,34.645651,133.908697,69
A02上,34.647717,133.911261,70
A02上,34.650172,133.913555,71
A02上,34.651393,133.914864,72
A02上,34.653829,133.917567,73
A02上,34.655512,133.918637,74
A02上,34.657911,133.919139,75
A02上,34.661926,133.918947,76
A02上,34.665145,133.918426,77
A02上,34.665679,133.920978,78
A02上,34.663204,133.926374,79
A02上,34.661688,133.928218,80
A07下,34.661688,133.928218,1
A07下,34.663155,133.926067,2
A07下,34.665145,133.918426,3
A07下,34.661379,133.919252,4
A07下,34.657627,133.919457,5
A07下,34.655228,133.918852,6
A07下,34.653485,133.917734,7
A07下,34.651117,133.914955,8
A07下,34.649996,133.913514,9
A07下,34.647242,133.911395,10
A07下,34.645587,133.908348,11
A07下,34.644025,133.9048,12
A07下,34.642412,133.904846,13
A07下,34.638442,133.904349,14
A07下,34.636176,133.901925,15
A07下,34.633631,133.899067,16
A07下,34.63149,133.896608,17
A07下,34.630281,133.895235,18
A07下,34.6273,133.891624,19
A07下,34.625677,133.886059,20
A07下,34.623492,133.881964,21
A07下,34.621998,133.879287,22
A07下,34.619051,133.872659,23
A07下,34.617938,133.869274,24
A07下,34.616777,133.865768,25
A07下,34.6151,133.861353,26
A07下,34.610665,133.858548,27
A07下,34.608473,133.857401,28
A07下,34.603905,133.854973,29
A07下,34.600568,133.853247,30
A07下,34.595319,133.851376,31
A07下,34.591796,133.851201,32
A07下,34.588579,133.851044,33
A07下,34.58552,133.850823,34
A07下,34.582252,133.850603,35
A07下,34.579199,133.850437,36
A07下,34.577192,133.850225,37
A07下,34.573607,133.847878,38
A07下,34.569062,133.844909,39
A07下,34.566037,133.842984,40
A07上,34.566267,133.843073,1
A07上,34.569186,133.844946,2
A07上,34.573912,133.848042,3
A07上,34.577702,133.850296,4
A07上,34.579082,133.850373,5
A07上,34.582313,133.850572,6
A07上,34.585522,133.850783,7
A07上,34.588758,133.850977,8
A07上,34.592219,133.851153,9
A07上,34.595993,133.851352,10
A07上,34.600291,133.853012,11
A07上,34.603936,133.854931,12
A07上,34.608969,133.857539,13
A07上,34.61234,133.859331,14
A07上,34.615011,133.861013,15
A07上,34.61665,133.865113,16
A07上,34.617972,133.86918,17
A07上,34.6193,133.873233,18
A07上,34.621892,133.878962,19
A07上,34.623889,133.882564,20
A07上,34.625759,133.886132,21
A07上,34.62717,133.891365,22
A07上,34.630528,133.895171,23
A07上,34.631848,133.896646,24
A07上,34.633045,133.898046,25
A07上,34.636297,133.90167,26
A07上,34.638588,133.904269,27
A07上,34.643274,133.904721,28
A07上,34.644564,133.904725,29
A07上,34.645651,133.908697,30
A07上,34.647717,133.911261,31
A07上,34.650172,133.913555,32
A07上,34.651393,133.914864,33
A07上,34.653829,133.917567,34
A07上,34.655512,133.918637,35
A07上,34.657911,133.919139,36
A07上,34.661926,133.918947,37
A07上,34.665145,133.918426,38
A07上,34.665679,133.920978,39
A07上,34.663204,133.926374,40
A07上,34.661688,133.928218,41
A21下001,34.661688,133.928218,1
A21下001,34.663155,133.926067,2
A21下001,34.665145,133.918426,3
A21下001,34.661379,133.919252,4
A21下001,34.657627,133.919457,5
A21下001,34.655228,133.918852,6
A21下001,34.653485,133.917734,7
A21下001,34.651117,133.914955,8
A21下001,34.649996,133.913514,9
A21下001,34.647242,133.911395,10
A21下001,34.645587,133.908348,11
A21下001,34.644025,133.9048,12
A21下001,34.642412,133.904846,13
A21下001,34.638442,133.904349,14
A21下001,34.636176,133.901925,15
A21下001,34.633631,133.899067,16
A21下001,34.63149,133.896608,17
A21下001,34.630281,133.895235,18
A21下001,34.6273,133.891624,19
A21下001,34.625677,133.886059,20
A21下001,34.623492,133.881964,21
A21下001,34.621998,133.879287,22
A21下001,34.619051,133.872659,23
A21下001,34.617938,133.869274,24
A21下001,34.616777,133.865768,25
A21下001,34.6151,133.861353,26
A21上001,34.615011,133.861013,1
A21上001,34.61665,133.865113,2
A21上001,34.617972,133.86918,3
A21上001,34.6193,133.873233,4
A21上001,34.621892,133.878962,5
A21上001,34.623889,133.882564,6
A21上001,34.625759,133.886132,7
A21上001,34.62717,133.891365,8
A21上001,34.630528,133.895171,9
A21上001,34.631848,133.896646,10
A21上001,34.633045,133.898046,11
A21上001,34.636297,133.90167,12
A21上001,34.638588,133.904269,13
A21上001,34.643274,133.904721,14
A21上001,34.644564,133.904725,15
A21上001,34.645651,133.908697,16
A21上001,34.647717,133.911261,17
A21上001,34.650172,133.913555,18
A21上001,34.651393,133.914864,19
A21上001,34.653829,133.917567,20
A21上001,34.655512,133.918637,21
A21上001,34.657911,133.919139,22
A21上001,34.661926,133.918947,23
A21上001,34.665145,133.918426,24
A21上001,34.665679,133.920978,25
A21上001,34.663204,133.926374,26
A21上001,34.661688,133.928218,27
B02下,34.665145,133.918426,1
B02下,34.665679,133.920978,2
B02下,34.663204,133.926374,3
B02下,34.661688,133.928218,4
B02下,34.659122,133.926472,5
B02下,34.656154,133.925434,6
B02下,34.656146,133.921989,7
B02下,34.65613,133.918423,8
B02下,34.655993,133.91341,9
B02下,34.655989,133.911218,10
B02下,34.655927,133.907842,11
B02下,34.655229,133.904053,12
B02下,34.654427,133.901474,13
B02下,34.652496,133.895557,14
B02下,34.650137,133.890321,15
B02下,34.652483,133.885265,16
B02下,34.648646,133.884764,17
B02下,34.648244,133.879775,18
B02下,34.648039,133.876141,19
B02下,34.646404,133.870155,20
B02下,34.64432,133.863424,21
B02下,34.646117,133.858205,22
B02下,34.646205,133.852677,23
B02下,34.646143,133.84875,24
B02下,34.644041,133.840215,25
B02下,34.643266,133.837718,26
B02下,34.641543,133.83227,27
B02下,34.640093,133.827783,28
B02下,34.637145,133.818521,29
B02下,34.634064,133.812291,30
B02下,34.632453,133.809453,31
B02下,34.629826,133.807066,32
B02下,34.626638,133.808065,33
B02上,34.626638,133.808065,1
B02上,34.629844,133.80691,2
B02上,34.632854,133.809995,3
B02上,34.63492,133.813557,4
B02上,34.637398,133.81905,5
B02上,34.64045,133.828534,6
B02上,34.641799,133.832721,7
B02上,34.643257,133.837377,8
B02上,34.644206,133.840405,9
B02上,34.646161,133.847326,10
B02上,34.646258,133.854133,11
B02上,34.646177,133.858693,12
B02上,34.64471,133.864447,13
B02上,34.646458,133.870034,14
B02上,34.648096,133.875427,15
B02上,34.64839,133.879882,16
B02上,34.648787,133.884694,17
B02上,34.65269,133.885507,18
B02上,34.650786,133.891249,19
B02上,34.652711,133.895583,20
B02上,34.654305,133.90053,21
B02上,34.655388,133.903916,22
B02上,34.656123,133.90863,23
B02上,34.656289,133.913839,24
B02上,34.656386,133.917763,25
B02上,34.656404,133.922047,26
B02上,34.656415,133.924659,27
B02上,34.658824,133.926178,28
B02上,34.661688,133.928218,29
B02上,34.663204,133.926374,30
B02上,34.665145,133.918426,31
D16下,34.601047,133.766275,1
D16下,34.603188,133.769788,2
D16下,34.60368,133.772696,3
D16下,34.600953,133.773184,4
D16下,34.601037,133.774611,5
D16下,34.600575,133.777315,6
D16下,34.59903,133.777543,7
D16下,34.596915,133.777792,8
D16下,34.596392,133.780016,9
D16下,34.596191,133.78818,10
D16下,34.594639,133.79086,11
D16下,34.591891,133.793997,12
D16下,34.589194,133.797691,13
D16下,34.587762,133.800426,14
D16下,34.586992,133.80191,15
D16下,34.585159,133.805416,16
D16下,34.583493,133.808572,17
D16下,34.582464,133.810614,18
D16下,34.580536,133.814733,19
D16下,34.579641,133.817187,20
D16下,34.578546,133.820175,21
D16下,34.57786,133.821993,22
D16下,34.576889,133.825571,23
D16上,34.576889,133.825571,1
D16上,34.577609,133.822459,2
D16上,34.578497,133.820127,3
D16上,34.57957,133.817266,4
D16上,34.58043,133.814888,5
D16上,34.582274,133.810788,6
D16上,34.583579,133.80831,7
D16上,34.585311,133.804991,8
D16上,34.586959,133.801831,9
D16上,34.587893,133.80004,10
D16上,34.589271,133.797453,11
D16上,34.592339,133.79341,12
D16上,34.594384,133.79107,13
D16上,34.596341,133.786586,14
D16上,34.596361,133.780174,15
D16上,34.597572,133.777716,16
D16上,34.5992,133.777437,17
D16上,34.600644,133.777222,18
D16上,34.60098,133.775222,19
D16上,34.600905,133.77328,20
D16上,34.604015,133.772607,21
D16上,34.603508,133.770456,22
D16上,34.601047,133.766275,23
D19下,34.601047,133.766275,1
D19下,34.603188,133.769788,2
D19下,34.60368,133.772696,3
D19下,34.600953,133.773184,4
D19下,34.601037,133.774611,5
D19下,34.600575,133.777315,6
D19下,34.59903,133.777543,7
D19下,34.596915,133.777792,8
D19下,34.596392,133.780016,9
D19下,34.596191,133.78818,10
D19下,34.594639,133.79086,11
D19下,34.591891,133.793997,12
D19下,34.589194,133.797691,13
D19下,34.587762,133.800426,14
D19下,34.586992,133.80191,15
D19下,34.585159,133.805416,16
D19下,34.583493,133.808572,17
D19下,34.582464,133.810614,18
D19下,34.580536,133.814733,19
D19下,34.579641,133.817187,20
D19下,34.578546,133.820175,21
D19下,34.57786,133.821993,22
D19下,34.576889,133.825571,23
D19下,34.579253,133.828357,24
D19下,34.578468,133.830998,25
D19下,34.577335,133.834771,26
D19下,34.569215,133.844185,27
D19下,34.566267,133.843073,28
D19上,34.566267,133.843073,1
D19上,34.569215,133.844185,2
D19上,34.577108,133.835297,3
D19上,34.578176,133.831775,4
D19上,34.579254,133.828122,5
D19上,34.576889,133.825571,6
D19上,34.577609,133.822459,7
D19上,34.578497,133.820127,8
D19上,34.57957,133.817266,9
D19上,34.58043,133.814888,10
D19上,34.582274,133.810788,11
D19上,34.583579,133.80831,12
D19上,34.585311,133.804991,13
D19上,34.586959,133.801831,14
D19上,34.587893,133.80004,15
D19上,34.589271,133.797453,16
D19上,34.592339,133.79341,17
D19上,34.594384,133.79107,18
D19上,34.596341,133.786586,19
D19上,34.596361,133.780174,20
D19上,34.597572,133.777716,21
D19上,34.5992,133.777437,22
D19上,34.600644,133.777222,23
D19上,34.60098,133.775222,24
D19上,34.600905,133.77328,25
D19上,34.604015,133.772607,26
D19上,34.603508,133.770456,27
D19上,34.601047,133.766275,28
D24下,34.588907,133.76518,1
D24下,34.589094,133.767782,2
D24下,34.59355,133.76971,3
D24下,34.595511,133.769383,4
D24下,34.599278,133.767782,5
D24下,34.601047,133.766275,6
D24下,34.603188,133.769788,7
D24下,34.60368,133.772696,8
D24下,34.600953,133.773184,9
D24下,34.601037,133.774611,10
D24下,34.600575,133.777315,11
D24下,34.59903,133.777543,12
D24下,34.596915,133.777792,13
D24下,34.596392,133.780016,14
D24下,34.596191,133.78818,15
D24下,34.594639,133.79086,16
D24下,34.591891,133.793997,17
D24下,34.589194,133.797691,18
D24下,34.587762,133.800426,19
D24下,34.586992,133.80191,20
D24下,34.585159,133.805416,21
D24下,34.583493,133.808572,22
D24下,34.582464,133.810614,23
D24下,34.580536,133.814733,24
D24下,34.579641,133.817187,25
D24下,34.578546,133.820175,26
D24下,34.57786,133.821993,27
D24下,34.576889,133.825571,28
D24下,34.579253,133.828357,29
D24下,34.578468,133.830998,30
D24下,34.577335,133.834771,31
D24下,34.569215,133.844185,32
D24下,34.566267,133.843073,33
D24上,34.566267,133.843073,1
D24上,34.569215,133.844185,2
D24上,34.577108,133.835297,3
D24上,34.578176,133.831775,4
D24上,34.579254,133.828122,5
D24上,34.576889,133.825571,6
D24上,34.577609,133.822459,7
D24上,34.578497,133.820127,8
D24上,34.57957,133.817266,9
D24上,34.58043,133.814888,10
D24上,34.582274,133.810788,11
D24上,34.583579,133.80831,12
D24上,34.585311,133.804991,13
D24上,34.586959,133.801831,14
D24上,34.587893,133.80004,15
D24上,34.589271,133.797453,16
D24上,34.592339,133.79341,17
D24上,34.594384,133.79107,18
D24上,34.596341,133.786586,19
D24上,34.596361,133.780174,20
D24上,34.597572,133.777716,21
D24上,34.5992,133.777437,22
D24上,34.600644,133.777222,23
D24上,34.60098,133.775222,24
D24上,34.600905,133.77328,25
D24上,34.604015,133.772607,26
D24上,34.603508,133.770456,27
D24上,34.601292,133.76606,28
D24上,34.598617,133.768491,29
D24上,34.59525,133.769595,30
D24上,34.592967,133.770169,31
D24上,34.589094,133.768858,32
D24上,34.588761,133.765159,33
D25下,34.588907,133.76518,1
D25下,34.589094,133.767782,2
D25下,34.59355,133.76971,3
D25下,34.595511,133.769383,4
D25下,34.599278,133.767782,5
D25下,34.601047,133.766275,6
D25下,34.603188,133.769788,7
D25下,34.60368,133.772696,8
D25下,34.600953,133.773184,9
D25下,34.601037,133.774611,10
D25下,34.600575,133.777315,11
D25下,34.59903,133.777543,12
D25下,34.596915,133.777792,13
D25下,34.596392,133.780016,14
D25下,34.596191,133.78818,15
D25下,34.594639,133.79086,16
D25下,34.591891,133.793997,17
D25下,34.589194,133.797691,18
D25下,34.587762,133.800426,19
D25下,34.586992,133.80191,20
D25下,34.585159,133.805416,21
D25下,34.583493,133.808572,22
D25下,34.582464,133.810614,23
D25下,34.580536,133.814733,24
D25下,34.579641,133.817187,25
D25下,34.578546,133.820175,26
D25下,34.57786,133.821993,27
D25下,34.576889,133.825571,28
D25上,34.576889,133.825571,1
D25上,34.577609,133.822459,2
D25上,34.578497,133.820127,3
D25上,34.57957,133.817266,4
D25上,34.58043,133.814888,5
D25上,34.582274,133.810788,6
D25上,34.583579,133.80831,7
D25上,34.585311,133.804991,8
D25上,34.586959,133.801831,9
D25上,34.587893,133.80004,10
D25上,34.589271,133.797453,11
D25上,34.592339,133.79341,12
D25上,34.594384,133.79107,13
D25上,34.596341,133.786586,14
D25上,34.596361,133.780174,15
D25上,34.597572,133.777716,16
D25上,34.5992,133.777437,17
D25上,34.600644,133.777222,18
D25上,34.60098,133.775222,19
D25上,34.600905,133.77328,20
D25上,34.604015,133.772607,21
D25上,34.603508,133.770456,22
D25上,34.601292,133.76606,23
D25上,34.598617,133.768491,24
D25上,34.59525,133.769595,25
D25上,34.592967,133.770169,26
D25上,34.589094,133.768858,27
D25上,34.588761,133.765159,28
D22上,34.576889,133.825571,1
D22上,34.577609,133.822459,2
D22上,34.578497,133.820127,3
D22上,34.57957,133.817266,4
D22上,34.58043,133.814888,5
D22上,34.582274,133.810788,6
D22上,34.583579,133.80831,7
D22上,34.585311,133.804991,8
D22上,34.586959,133.801831,9
D22上,34.587893,133.80004,10
D22上,34.589271,133.797453,11
D22上,34.592339,133.79341,12
D22上,34.594384,133.79107,13
D22上,34.596341,133.786586,14
D22上,34.596361,133.780174,15
D22上,34.597572,133.777716,16
D22上,34.5992,133.777437,17
D22上,34.600644,133.777222,18
D22上,34.60098,133.775222,19
D22上,34.600905,133.77328,20
D22上,34.604015,133.772607,21
D22上,34.603508,133.770456,22
D22上,34.601292,133.76606,23
D22上,34.598617,133.768491,24
D22上,34.59525,133.769595,25
D22上,34.593928,133.766267,26
D22上,34.593029,133.76411,27
D22上,34.590832,133.764129,28
D22上,34.588869,133.764233,29
D22上,34.588907,133.76518,30
D23上,34.566267,133.843073,1
D23上,34.569215,133.844185,2
D23上,34.577108,133.835297,3
D23上,34.578176,133.831775,4
D23上,34.579254,133.828122,5
D23上,34.576889,133.825571,6
D23上,34.577609,133.822459,7
D23上,34.578497,133.820127,8
D23上,34.57957,133.817266,9
D23上,34.58043,133.814888,10
D23上,34.582274,133.810788,11
D23上,34.583579,133.80831,12
D23上,34.585311,133.804991,13
D23上,34.586959,133.801831,14
D23上,34.587893,133.80004,15
D23上,34.589271,133.797453,16
D23上,34.592339,133.79341,17
D23上,34.594384,133.79107,18
D23上,34.596341,133.786586,19
D23上,34.596361,133.780174,20
D23上,34.597572,133.777716,21
D23上,34.5992,133.777437,22
D23上,34.600644,133.777222,23
D23上,34.60098,133.775222,24
D23上,34.600905,133.77328,25
D23上,34.604015,133.772607,26
D23上,34.603508,133.770456,27
D23上,34.601292,133.76606,28
D23上,34.598617,133.768491,29
D23上,34.59525,133.769595,30
D23上,34.593928,133.766267,31
D23上,34.593029,133.76411,32
D23上,34.590832,133.764129,33
D23上,34.588869,133.764233,34
D23上,34.588907,133.76518,35
I3下,34.462879,133.807012,1
I3下,34.46608,133.803681,2
I3下,34.46754,133.802699,3
I3下,34.469707,133.805027,4
I3下,34.470291,133.80907,5
I3下,34.469687,133.813618,6
I3下,34.469954,133.818064,7
I3下,34.472316,133.82089,8
I3下,34.474232,133.823733,9
I3下,34.474838,133.825508,10
I3下,34.47643,133.828342,11
I3下,34.477034,133.831833,12
I3下,34.477113,133.832851,13
I3下,34.476428,133.8378,14
I3下,34.475439,133.842129,15
I3下,34.474797,133.844855,16
I3下,34.471534,133.847061,17
I3下,34.470228,133.85125,18
I3下,34.469896,133.857749,19
I3下,34.469839,133.859049,20
I3下,34.469686,133.862729,21
I3下,34.468241,133.865846,22
I3下,34.467587,133.867315,23
I3下,34.466018,133.869481,24
I3下,34.460562,133.876126,25
I3上,34.460432,133.87616,1
I3上,34.466082,133.869314,2
I3上,34.467595,133.867215,3
I3上,34.468407,133.865528,4
I3上,34.469489,133.86327,5
I3上,34.469756,133.85996,6
I3上,34.469824,133.857138,7
I3上,34.470547,133.850263,8
I3上,34.471334,133.847106,9
I3上,34.474827,133.844631,10
I3上,34.47545,133.841917,11
I3上,34.476501,133.837322,12
I3上,34.477078,133.83307,13
I3上,34.476934,133.830941,14
I3上,34.476416,133.828455,15
I3上,34.475026,133.825873,16
I3上,34.474246,133.82389,17
I3上,34.472321,133.820966,18
I3上,34.469829,133.8178,19
I3上,34.469598,133.813683,20
I3上,34.470273,133.808915,21
I3上,34.469804,133.804952,22
I3上,34.46754,133.802699,23
I3上,34.465894,133.804201,24
I3上,34.462879,133.807012,25
E01上,34.462879,133.807012,1
E01上,34.46608,133.803681,2
E01上,34.46754,133.802699,3
E01上,34.464769,133.801036,4
E01上,34.461646,133.800473,5
E01上,34.457371,133.801479,6
E01上,34.456084,133.798032,7
E01上,34.455387,133.793963,8
E01上,34.459463,133.785337,9
E01上,34.461082,133.782566,10
E01上,34.46289,133.779415,11
E01上,34.471096,133.77596,12
E01上,34.475283,133.772254,13
E01上,34.476968,133.771486,14
E01上,34.480077,133.769386,15
E01上,34.483687,133.770392,16
E01上,34.487959,133.770445,17
E01上,34.492066,133.769845,18
E01上,34.498792,133.770182,19
E01上,34.507803,133.770529,20
E01上,34.511035,133.769866,21
E01上,34.513684,133.770405,22
E01上,34.521935,133.768714,23
E01上,34.523742,133.769177,24
E01上,34.527788,133.769896,25
E01上,34.529361,133.767039,26
E01上,34.531292,133.763885,27
E01上,34.533981,133.761862,28
E01上,34.53736,133.7598,29
E01上,34.540893,133.75767,30
E01上,34.544326,133.755483,31
E01上,34.547238,133.753686,32
E01上,34.552997,133.751871,33
E01上,34.558161,133.750578,34
E01上,34.561378,133.750028,35
E01上,34.563179,133.7497,36
E01上,34.569608,133.751133,37
E01上,34.572628,133.75315,38
E01上,34.579321,133.75758,39
E01上,34.584904,133.760991,40
E01上,34.590832,133.764129,41
E01上,34.593029,133.76411,42
E01上,34.593928,133.766267,43
E01上,34.595511,133.769383,44
E01上,34.599278,133.767782,45
E01上,34.601292,133.76606,46
E06下,34.601292,133.76606,1
E06下,34.598617,133.768491,2
E06下,34.59525,133.769595,3
E06下,34.592967,133.770169,4
E06下,34.589094,133.768858,5
E06下,34.588761,133.765159,6
E06下,34.588746,133.764338,7
E06下,34.584894,133.761044,8
E06下,34.578781,133.757273,9
E06下,34.572744,133.753311,10
E06下,34.568349,133.750353,11
E06下,34.563386,133.749741,12
E06下,34.561387,133.750077,13
E06下,34.558548,133.750605,14
E06下,34.553046,133.752053,15
E06下,34.546591,133.754152,16
E06下,34.543867,133.755843,17
E06下,34.540791,133.757834,18
E06下,34.537691,133.759757,19
E06下,34.534205,133.761881,20
E06下,34.531438,133.764054,21
E06下,34.52925,133.767818,22
E06下,34.527989,133.770051,23
E06下,34.523804,133.769289,24
E06下,34.521935,133.768714,25
E06下,34.513781,133.770499,26
E06下,34.511035,133.769866,27
E06下,34.507803,133.770529,28
E06下,34.497179,133.770872,29
E06下,34.491702,133.770193,30
E06下,34.487875,133.77063,31
E06下,34.483031,133.770394,32
E06下,34.479478,133.7697,33
E06下,34.476968,133.771486,34
E06下,34.475013,133.772417,35
E06下,34.472988,133.772725,36
E06下,34.462845,133.777006,37
E06下,34.462252,133.779176,38
E06下,34.461261,133.782572,39
E06下,34.459472,133.785533,40
E06下,34.455522,133.793054,41
E06下,34.456303,133.798094,42
E06下,34.457377,133.801424,43
E06下,34.462042,133.800357,44
E06下,34.465596,133.801202,45
E06下,34.46754,133.802699,46
E06下,34.465894,133.804201,47
E06下,34.462879,133.807012,48
E06上,34.462879,133.807012,1
E06上,34.46608,133.803681,2
E06上,34.46754,133.802699,3
E06上,34.464769,133.801036,4
E06上,34.461646,133.800473,5
E06上,34.457371,133.801479,6
E06上,34.456084,133.798032,7
E06上,34.455387,133.793963,8
E06上,34.459463,133.785337,9
E06上,34.461082,133.782566,10
E06上,34.462298,133.778173,11
E06上,34.463307,133.775641,12
E06上,34.47312,133.772867,13
E06上,34.475283,133.772254,14
E06上,34.476968,133.771486,15
E06上,34.480077,133.769386,16
E06上,34.483687,133.770392,17
E06上,34.487959,133.770445,18
E06上,34.492066,133.769845,19
E06上,34.498792,133.770182,20
E06上,34.507803,133.770529,21
E06上,34.511035,133.769866,22
E06上,34.513684,133.770405,23
E06上,34.521935,133.768714,24
E06上,34.523742,133.769177,25
E06上,34.527788,133.769896,26
E06上,34.529361,133.767039,27
E06上,34.531292,133.763885,28
E06上,34.533981,133.761862,29
E06上,34.53736,133.7598,30
E06上,34.540893,133.75767,31
E06上,34.544326,133.755483,32
E06上,34.547238,133.753686,33
E06上,34.552997,133.751871,34
E06上,34.558161,133.750578,35
E06上,34.561378,133.750028,36
E06上,34.563179,133.7497,37
E06上,34.569608,133.751133,38
E06上,34.572628,133.75315,39
E06上,34.579321,133.75758,40
E06上,34.584904,133.760991,41
E06上,34.588869,133.764233,42
E06上,34.588907,133.76518,43
E06上,34.589094,133.767782,44
E06上,34.59355,133.76971,45
E06上,34.595511,133.769383,46
E06上,34.599278,133.767782,47
E06上,34.601292,133.76606,48
D1下,34.601292,133.76606,1
D1下,34.598617,133.768491,2
D1下,34.59525,133.769595,3
D1下,34.592967,133.770169,4
D1下,34.588509,133.771234,5
D1下,34.58521,133.770671,6
D1下,34.581871,133.770142,7
D1下,34.578559,133.769689,8
D1下,34.575167,133.769322,9
D1下,34.571677,133.768973,10
D1下,34.568525,133.768656,11
D1下,34.565908,133.768442,12
D1下,34.559338,133.768804,13
D1下,34.547538,133.763641,14
D1下,34.544567,133.768084,15
D1下,34.541364,133.770352,16
D1下,34.537408,133.771899,17
D1下,34.535033,133.772098,18
D1下,34.530781,133.772213,19
D1下,34.525695,133.770722,20
D1下,34.523703,133.770804,21
D1下,34.512066,133.772642,22
D1下,34.509025,133.771862,23
D1下,34.497179,133.770872,24
D1下,34.491702,133.770193,25
D1下,34.487875,133.77063,26
D1下,34.483031,133.770394,27
D1下,34.478925,133.769417,28
D1下,34.476026,133.770723,29
D1下,34.473187,133.772174,30
D1下,34.462845,133.777006,31
D1下,34.462252,133.779176,32
D1下,34.461261,133.782572,33
D1下,34.459472,133.785533,34
D1下,34.455522,133.793054,35
D1下,34.456303,133.798094,36
D1下,34.457377,133.801424,37
D1下,34.462042,133.800357,38
D1下,34.465596,133.801202,39
D1下,34.46754,133.802699,40
D1下,34.465894,133.804201,41
D1下,34.462879,133.807012,42
D1上,34.462879,133.807012,1
D1上,34.46608,133.803681,2
D1上,34.46754,133.802699,3
D1上,34.464769,133.801036,4
D1上,34.461646,133.800473,5
D1上,34.457371,133.801479,6
D1上,34.456084,133.798032,7
D1上,34.455387,133.793963,8
D1上,34.459463,133.785337,9
D1上,34.461082,133.782566,10
D1上,34.462298,133.778173,11
D1上,34.463307,133.775641,12
D1上,34.473159,133.772002,13
D1上,34.475967,133.770588,14
D1上,34.480077,133.769386,15
D1上,34.483687,133.770392,16
D1上,34.487959,133.770445,17
D1上,34.492066,133.769845,18
D1上,34.498792,133.770182,19
D1上,34.509072,133.771714,20
D1上,34.512212,133.772457,21
D1上,34.524029,133.770536,22
D1上,34.525768,133.770448,23
D1上,34.531301,133.772073,24
D1上,34.535599,133.771945,25
D1上,34.537137,133.771805,26
D1上,34.540602,133.77071,27
D1上,34.544562,133.767911,28
D1上,34.547251,133.763866,29
D1上,34.559693,133.768435,30
D1上,34.565835,133.768297,31
D1上,34.568912,133.768522,32
D1上,34.572481,133.768882,33
D1上,34.57552,133.769195,34
D1上,34.581882,133.770008,35
D1上,34.585709,133.770628,36
D1上,34.588794,133.771116,37
D1上,34.59355,133.76971,38
D1上,34.595511,133.769383,39
D1上,34.599278,133.767782,40
D1上,34.601292,133.76606,41
J12下,34.462879,133.807012,1
J12下,34.46608,133.803681,2
J12下,34.46754,133.802699,3
J12下,34.464769,133.801036,4
J12下,34.461646,133.800473,5
J12下,34.457371,133.801479,6
J12下,34.455489,133.801847,7
J12下,34.446404,133.802629,8
J12下,34.444857,133.800127,9
J12下,34.445695,133.798118,10
J12下,34.441038,133.804598,11
J12下,34.438953,133.806801,12
J12下,34.436491,133.806312,13
J12下,34.437303,133.802258,14
J12下,34.437176,133.797495,15
J12下,34.438842,133.792831,16
J12下,34.438954,133.790215,17
J12上,34.438954,133.790215,1
J12上,34.438842,133.792831,2
J12上,34.437211,133.797552,3
J12上,34.437303,133.802258,4
J12上,34.436595,133.806202,5
J12上,34.439226,133.806784,6
J12上,34.441038,133.804598,7
J12上,34.445695,133.798118,8
J12上,34.444857,133.800127,9
J12上,34.446408,133.802509,10
J12上,34.455489,133.801847,11
J12上,34.457377,133.801424,12
J12上,34.462042,133.800357,13
J12上,34.465596,133.801202,14
J12上,34.46754,133.802699,15
J12上,34.465894,133.804201,16
J12上,34.462879,133.807012,17
J12hlno,34.438954,133.790215,1
J12hlno,34.438842,133.792831,2
J12hlno,34.437211,133.797552,3
J12hlno,34.437303,133.802258,4
J12hlno,34.436595,133.806202,5
J12hlno,34.439226,133.806784,6
J12hlno,34.441038,133.804598,7
J12hlno,34.446408,133.802509,8
J12hlno,34.455489,133.801847,9
J12hlno,34.457377,133.801424,10
J12hlno,34.462042,133.800357,11
J12hlno,34.465596,133.801202,12
J12hlno,34.46754,133.802699,13
J12hlno,34.465894,133.804201,14
J12hlno,34.462879,133.807012,15
J19,34.462879,133.807012,1
J19,34.462044,133.803477,2
J19,34.463415,133.802337,3
J19,34.465676,133.802258,4
J19,34.46754,133.802699,5
J19,34.469707,133.805027,6
J19,34.475509,133.801739,7
J19,34.478595,133.800182,8
J19,34.481625,133.799138,9
J19,34.484295,133.803014,10
J19,34.483517,133.806671,11
J19,34.484725,133.806202,12
J19,34.485449,133.805766,13
J19,34.486672,133.80875,14
J19,34.485094,133.810062,15
J19,34.488111,133.813739,16
J19,34.492873,133.8135,17
J19,34.490561,133.814667,18
J19,34.48787,133.815135,19
J19,34.485854,133.816107,20
J19,34.483654,133.817355,21
J19,34.48169,133.818496,22
J19,34.480163,133.819502,23
J19,34.478723,133.820415,24
J19,34.477267,133.821397,25
J19,34.476439,133.822059,26
J19,34.474815,133.823273,27
J19,34.473557,133.823695,28
J19,34.471696,133.82316,29
J19,34.470094,133.820737,30
J19,34.46851,133.816732,31
J19,34.467146,133.812792,32
J19,34.46625,133.810241,33
J19,34.467996,133.807648,34
J19,34.467489,133.805399,35
J19,34.467193,133.803536,36
J19,34.46584,133.802439,37
J19,34.463342,133.802482,38
J19,34.462184,133.803482,39
J19,34.462879,133.807012,40
J21,34.462879,133.807012,1
J21,34.46608,133.803681,2
J21,34.46754,133.802699,3
J21,34.464769,133.801036,4
J21,34.461646,133.800473,5
J21,34.457371,133.801479,6
J21,34.455489,133.801847,7
J21,34.446408,133.802509,8
J21,34.444857,133.800127,9
J21,34.445695,133.798118,10
J21,34.448818,133.786899,11
J21,34.443092,133.78881,12
J21,34.441097,133.789706,13
J21,34.439648,133.791072,14
J21,34.438842,133.792831,15
J21,34.437898,133.794605,16
J21,34.43636,133.795599,17
J21,34.437211,133.797552,18
J21,34.43654,133.800501,19
J21,34.437303,133.802258,20
J21,34.436502,133.804448,21
J21,34.436595,133.806202,22
J21,34.435399,133.808008,23
J21,34.43341,133.816414,24
J21,34.432429,133.818491,25
J21,34.430987,133.820359,26
J21,34.435813,133.816292,27
J21,34.436583,133.815397,28
J21,34.439418,133.811759,29
J21,34.441356,133.811071,30
J21,34.442805,133.810585,31
J21,34.444331,133.80997,32
J21,34.448315,133.808727,33
J21,34.450831,133.808458,34
J21,34.452062,133.808254,35
J21,34.45631,133.807296,36
J21,34.463636,133.808278,37
J21,34.466498,133.810252,38
J21,34.467146,133.812792,39
J21,34.468526,133.813278,40
J21,34.469044,133.810192,41
J21,34.467489,133.805399,42
J21,34.467193,133.803536,43
J21,34.46608,133.803681,44
J21,34.462879,133.807012,45
K1下,34.462879,133.807012,1
K1下,34.46608,133.803681,2
K1下,34.46754,133.802699,3
K1下,34.469707,133.805027,4
K1下,34.470291,133.80907,5
K1下,34.469687,133.813618,6
K1下,34.469954,133.818064,7
K1下,34.472316,133.82089,8
K1下,34.474232,133.823733,9
K1下,34.474838,133.825508,10
K1下,34.47643,133.828342,11
K1下,34.477034,133.831833,12
K1下,34.477113,133.832851,13
K1下,34.476428,133.8378,14
K1下,34.475439,133.842129,15
K1下,34.474797,133.844855,16
K1下,34.476407,133.849958,17
K1下,34.47857,133.853106,18
K1下,34.480202,133.853851,19
K1下,34.481055,133.857021,20
K1下,34.486209,133.855785,21
K1下,34.494326,133.852162,22
K1下,34.499779,133.851215,23
K1下,34.501572,133.851885,24
K1下,34.502824,133.851658,25
k1上,34.502824,133.851658,1
k1上,34.501572,133.851885,2
k1上,34.499779,133.851215,3
k1上,34.494326,133.852162,4
k1上,34.486209,133.855785,5
k1上,34.480973,133.857328,6
k1上,34.480202,133.853851,7
k1上,34.47857,133.853106,8
k1上,34.476398,133.850047,9
k1上,34.474827,133.844631,10
k1上,34.47545,133.841917,11
k1上,34.476501,133.837322,12
k1上,34.477078,133.83307,13
k1上,34.476934,133.830941,14
k1上,34.476416,133.828455,15
k1上,34.475026,133.825873,16
k1上,34.474246,133.82389,17
k1上,34.472321,133.820966,18
k1上,34.469829,133.8178,19
k1上,34.469598,133.813683,20
k1上,34.470273,133.808915,21
k1上,34.469804,133.804952,22
k1上,34.46754,133.802699,23
k1上,34.465894,133.804201,24
k1上,34.462879,133.807012,25
K2下,34.462879,133.807012,1
K2下,34.46608,133.803681,2
K2下,34.46754,133.802699,3
K2下,34.469707,133.805027,4
K2下,34.470291,133.80907,5
K2下,34.469687,133.813618,6
K2下,34.469954,133.818064,7
K2下,34.472316,133.82089,8
K2下,34.474232,133.823733,9
K2下,34.474838,133.825508,10
K2下,34.47643,133.828342,11
K2下,34.477034,133.831833,12
K2下,34.477113,133.832851,13
K2下,34.476428,133.8378,14
K2下,34.475439,133.842129,15
K2下,34.474797,133.844855,16
K2下,34.476407,133.849958,17
K2下,34.47857,133.853106,18
K2下,34.480202,133.853851,19
K2下,34.481055,133.857021,20
K2下,34.486209,133.855785,21
K2下,34.489646,133.846198,22
K2下,34.494326,133.852162,23
K2下,34.499779,133.851215,24
K2下,34.501572,133.851885,25
K2下,34.502824,133.851658,26
K2上,34.502824,133.851658,1
K2上,34.501572,133.851885,2
K2上,34.499779,133.851215,3
K2上,34.494326,133.852162,4
K2上,34.489646,133.846198,5
K2上,34.486209,133.855785,6
K2上,34.480973,133.857328,7
K2上,34.480202,133.853851,8
K2上,34.47857,133.853106,9
K2上,34.476398,133.850047,10
K2上,34.474827,133.844631,11
K2上,34.47545,133.841917,12
K2上,34.476501,133.837322,13
K2上,34.477078,133.83307,14
K2上,34.476934,133.830941,15
K2上,34.476416,133.828455,16
K2上,34.475026,133.825873,17
K2上,34.474246,133.82389,18
K2上,34.472321,133.820966,19
K2上,34.469829,133.8178,20
K2上,34.469598,133.813683,21
K2上,34.470273,133.808915,22
K2上,34.469804,133.804952,23
K2上,34.46754,133.802699,24
K2上,34.465894,133.804201,25
K2上,34.462879,133.807012,26
N22下,34.588907,133.76518,1
N22下,34.589094,133.767782,2
N22下,34.59355,133.76971,3
N22下,34.595511,133.769383,4
N22下,34.599278,133.767782,5
N22下,34.601047,133.766275,6
N22下,34.603188,133.769788,7
N22下,34.60368,133.772696,8
N22下,34.600953,133.773184,9
N22下,34.601037,133.774611,10
N22下,34.601201,133.778298,11
N22下,34.601307,133.781146,12
N22下,34.600912,133.783308,13
N22下,34.601841,133.785699,14
N22下,34.603786,133.786737,15
N22下,34.606857,133.788379,16
N22下,34.610711,133.788827,17
N22下,34.612663,133.788789,18
N22下,34.61225,133.79101,19
N22下,34.610051,133.792574,20
N22下,34.612301,133.795149,21
N22下,34.615473,133.798568,22
N22下,34.616757,133.80238,23
N22下,34.617298,133.805499,24
N22下,34.619989,133.806315,25
N22下,34.621679,133.805602,26
N22下,34.626638,133.808065,27
N23下,34.601047,133.766275,1
N23下,34.603188,133.769788,2
N23下,34.60368,133.772696,3
N23下,34.600953,133.773184,4
N23下,34.601037,133.774611,5
N23下,34.601201,133.778298,6
N23下,34.601307,133.781146,7
N23下,34.600912,133.783308,8
N23下,34.601841,133.785699,9
N23下,34.603786,133.786737,10
N23下,34.606857,133.788379,11
N23下,34.610711,133.788827,12
N23下,34.612663,133.788789,13
N23下,34.61225,133.79101,14
N23下,34.610051,133.792574,15
N23下,34.612301,133.795149,16
N23下,34.615473,133.798568,17
N23下,34.616757,133.80238,18
N23下,34.617298,133.805499,19
N23下,34.619989,133.806315,20
N23下,34.621679,133.805602,21
N23下,34.626638,133.808065,22
N23上,34.626638,133.808065,1
N23上,34.6219,133.805753,2
N23上,34.619815,133.806653,3
N23上,34.617294,133.806089,4
N23上,34.616757,133.80238,5
N23上,34.615153,133.798314,6
N23上,34.612409,133.795548,7
N23上,34.610312,133.791887,8
N23上,34.612612,133.790779,9
N23上,34.612552,133.788709,10
N23上,34.610614,133.788923,11
N23上,34.606616,133.788419,12
N23上,34.604031,133.787035,13
N23上,34.601735,133.785836,14
N23上,34.6009,133.782887,15
N23上,34.60119,133.78098,16
N23上,34.601116,133.778298,17
N23上,34.60098,133.775222,18
N23上,34.600905,133.77328,19
N23上,34.604015,133.772607,20
N23上,34.603508,133.770456,21
N23上,34.601047,133.766275,22
K23上,34.626638,133.808065,1
K23上,34.6219,133.805753,2
K23上,34.619815,133.806653,3
K23上,34.617294,133.806089,4
K23上,34.616757,133.80238,5
K23上,34.615153,133.798314,6
K23上,34.612409,133.795548,7
K23上,34.610312,133.791887,8
K23上,34.612612,133.790779,9
K23上,34.612552,133.788709,10
K23上,34.610614,133.788923,11
K23上,34.606616,133.788419,12
K23上,34.604031,133.787035,13
K23上,34.601735,133.785836,14
K23上,34.6009,133.782887,15
K23上,34.60119,133.78098,16
K23上,34.601116,133.778298,17
K23上,34.60098,133.775222,18
K23上,34.600905,133.77328,19
K23上,34.604015,133.772607,20
K23上,34.603508,133.770456,21
K23上,34.601292,133.76606,22
K23上,34.599278,133.767782,23
K23上,34.595511,133.769383,24
K23上,34.593928,133.766267,25
K23上,34.593029,133.76411,26
K23上,34.590832,133.764129,27
K23上,34.588869,133.764233,28
K23上,34.588907,133.76518,29
S05下,34.462879,133.807012,1
S05下,34.46608,133.803681,2
S05下,34.465676,133.802258,3
S05下,34.463415,133.802337,4
S05下,34.459972,133.803129,5
S05下,34.455489,133.801847,6
S05下,34.452421,133.80161,7
S05下,34.441886,133.808601,8
S05下,34.419783,133.802857,9
S05下,34.420173,133.807133,10
S05下,34.422976,133.807584,11
S05下,34.420173,133.807133,12
S05下,34.419783,133.802857,13
S05下,34.405574,133.808356,14
S05下,34.387167,133.816657,15
S05下,34.390116,133.818422,16
S05下,34.391643,133.817912,17
S05上,34.391643,133.817912,1
S05上,34.390116,133.818422,2
S05上,34.387167,133.816657,3
S05上,34.405646,133.807927,4
S05上,34.419783,133.802857,5
S05上,34.420173,133.807133,6
S05上,34.422976,133.807584,7
S05上,34.420173,133.807133,8
S05上,34.419783,133.802857,9
S05上,34.440973,133.808135,10
S05上,34.452421,133.80161,11
S05上,34.455489,133.801847,12
S05上,34.459972,133.803129,13
S05上,34.463415,133.802337,14
S05上,34.465676,133.802258,15
S05上,34.465894,133.804201,16
S05上,34.462879,133.807012,17
J22,34.462879,133.807012,1
J22,34.46608,133.803681,2
J22,34.46754,133.802699,3
J22,34.469707,133.805027,4
J22,34.472281,133.803819,5
J22,34.466498,133.810252,6
J22,34.467146,133.812792,7
J22,34.468769,133.81711,8
J22,34.470018,133.820442,9
J22,34.472758,133.824568,10
J22,34.474147,133.826592,11
J22,34.47646,133.825614,12
J22,34.480044,133.821571,13
J22,34.480706,133.821672,14
J22,34.477267,133.821397,15
J22,34.476439,133.822059,16
J22,34.474815,133.823273,17
J22,34.472321,133.820966,18
J22,34.469829,133.8178,19
J22,34.469598,133.813683,20
J22,34.470273,133.808915,21
J22,34.472281,133.803819,22
J22,34.469804,133.804952,23
J22,34.46754,133.802699,24
J22,34.465894,133.804201,25
J22,34.462879,133.807012,26
